0.000000000000000000e+00
0.000000000000000000e+00
0.000000000000000000e+00
0.000000000000000000e+00
0.000000000000000000e+00
0.000000000000000000e+00
0.000000000000000000e+00
0.000000000000000000e+00
0.000000000000000000e+00
0.000000000000000000e+00
0.000000000000000000e+00
0.000000000000000000e+00
0.000000000000000000e+00
0.000000000000000000e+00
0.000000000000000000e+00
0.000000000000000000e+00
0.000000000000000000e+00
0.000000000000000000e+00
0.000000000000000000e+00
0.000000000000000000e+00
1.202199501639786977e-01
8.297537693213012655e-02
8.024821200582804570e-02
8.209721650116023894e-02
9.148425833152591669e-02
9.586399626977483435e-02
1.086009331261400673e-01
1.214671913609312454e-01
1.320437781179076286e-01
1.409949668524558553e-01
1.465393563791214382e-01
1.503461440868704146e-01
1.665647555454863316e-01
1.740358662623968378e-01
1.698572605091831500e-01
1.593002524838366407e-01
1.522212341365871968e-01
1.639646843498269446e-01
1.609605737625713906e-01
1.596371652567678268e-01
1.653373597894956804e-01
1.808281137719180698e-01
2.014947882783021116e-01
2.162249548719195891e-01
2.558884924993552468e-01
2.910824139530527876e-01
3.442554786234927611e-01
4.063029725564564210e-01
4.451475091483191315e-01
4.893876512026335557e-01
5.500331920805165975e-01
5.460241302827548715e-01
5.702254649268777564e-01
5.293526276874005454e-01
4.984184409781514669e-01
4.778774688756250444e-01
3.673338236134987000e-01
2.790949902294895812e-01
1.897437236588553899e-01
1.213948786207724589e-01
8.111362074726274907e-02
5.114801270679043832e-02
2.917955788909737738e-02
2.018777169921587289e-02
1.223924532134647650e-02
9.976518266980439684e-03
5.067765150430726152e-03
2.902518830159399755e-03
1.457538703797500723e-03
1.365623692565050284e-03
4.901789078587787899e-04
0.000000000000000000e+00
0.000000000000000000e+00
0.000000000000000000e+00
0.000000000000000000e+00
0.000000000000000000e+00
0.000000000000000000e+00
0.000000000000000000e+00
0.000000000000000000e+00
0.000000000000000000e+00
