0.000000000000000000e+00
0.000000000000000000e+00
0.000000000000000000e+00
0.000000000000000000e+00
0.000000000000000000e+00
0.000000000000000000e+00
0.000000000000000000e+00
0.000000000000000000e+00
0.000000000000000000e+00
0.000000000000000000e+00
3.420000000000000000e+02
3.740000000000000000e+02
4.560000000000000000e+02
5.590000000000000000e+02
5.660000000000000000e+02
6.650000000000000000e+02
6.610000000000000000e+02
7.200000000000000000e+02
7.370000000000000000e+02
7.410000000000000000e+02
6.920000000000000000e+02
7.030000000000000000e+02
7.060000000000000000e+02
6.830000000000000000e+02
6.430000000000000000e+02
5.880000000000000000e+02
6.390000000000000000e+02
5.830000000000000000e+02
6.380000000000000000e+02
5.860000000000000000e+02
5.130000000000000000e+02
4.010000000000000000e+02
3.390000000000000000e+02
2.540000000000000000e+02
1.740000000000000000e+02
1.380000000000000000e+02
7.200000000000000000e+01
4.700000000000000000e+01
2.300000000000000000e+01
6.000000000000000000e+00
0.000000000000000000e+00
0.000000000000000000e+00
0.000000000000000000e+00
0.000000000000000000e+00
0.000000000000000000e+00
0.000000000000000000e+00
0.000000000000000000e+00
0.000000000000000000e+00
0.000000000000000000e+00
0.000000000000000000e+00
