0.000000000000000000e+00
0.000000000000000000e+00
0.000000000000000000e+00
0.000000000000000000e+00
0.000000000000000000e+00
0.000000000000000000e+00
0.000000000000000000e+00
0.000000000000000000e+00
0.000000000000000000e+00
0.000000000000000000e+00
0.000000000000000000e+00
0.000000000000000000e+00
0.000000000000000000e+00
0.000000000000000000e+00
0.000000000000000000e+00
0.000000000000000000e+00
0.000000000000000000e+00
0.000000000000000000e+00
0.000000000000000000e+00
0.000000000000000000e+00
1.709263668051968499e-01
1.194278453878284685e-01
1.095671977325477220e-01
1.030031577838786822e-01
1.092128185141259256e-01
1.110286214046027065e-01
1.170784758781818757e-01
1.278267702787494187e-01
1.324590574873623083e-01
1.363444193599434862e-01
1.528824517003326833e-01
1.607017307581801169e-01
1.735232779239404277e-01
1.766131241291436782e-01
1.705031338512831840e-01
1.567295770909943597e-01
1.443588788634520836e-01
1.435162753406980518e-01
1.302649782358109576e-01
1.158786813176348740e-01
8.851566688279860484e-02
6.741531364202409116e-02
5.087077572738488151e-02
3.956934882927038571e-02
2.305748537073070217e-02
1.367759594761106846e-02
7.903409017355287475e-03
3.864676178823332059e-03
1.908890367857253448e-03
1.885865425114071790e-03
1.046926533624719605e-03
8.017412425214143212e-04
7.699507329015849470e-04
5.006079472777796814e-04
4.443473158069954020e-04
3.728983926467128117e-04
5.528453702766833889e-04
4.641172333403724166e-04
1.086352969237283135e-04
0.000000000000000000e+00
0.000000000000000000e+00
0.000000000000000000e+00
0.000000000000000000e+00
0.000000000000000000e+00
0.000000000000000000e+00
0.000000000000000000e+00
0.000000000000000000e+00
0.000000000000000000e+00
0.000000000000000000e+00
0.000000000000000000e+00
0.000000000000000000e+00
0.000000000000000000e+00
0.000000000000000000e+00
0.000000000000000000e+00
0.000000000000000000e+00
0.000000000000000000e+00
0.000000000000000000e+00
0.000000000000000000e+00
0.000000000000000000e+00
0.000000000000000000e+00
