1.554037330345264464e-04
1.930724757462388963e-04
3.641472212691127821e-04
5.648084448808282252e-04
8.546307243445131841e-04
1.466662633844622058e-03
2.255727133468353896e-03
1.303690122111519217e-02
6.456722977285353493e-02
2.728136458755630045e-01
6.085192769611509345e-01
6.946873556239326897e-01
6.921326673810320740e-01
6.342483576290178782e-01
5.244214540415821357e-01
4.821830473997904543e-01
4.719903291951896285e-01
4.314766284293692356e-01
4.071700182578691374e-01
3.894979546228130030e-01
3.702854365712461848e-01
3.712472926879846202e-01
3.598899060397242056e-01
3.454275414519260012e-01
3.270545742297659153e-01
3.164832971782722271e-01
3.244737442178058928e-01
3.060091035598498377e-01
3.106162840750475440e-01
2.928118017278565910e-01
2.541572660372429793e-01
2.070749534129928404e-01
1.667235956824204002e-01
1.278767814336869424e-01
8.726107685848692730e-02
6.558849432467091234e-02
3.938421520630575740e-02
2.150647921659720740e-02
1.061775165525739341e-02
2.839698793660276263e-03
7.138686021119072789e-05
0.000000000000000000e+00
0.000000000000000000e+00
0.000000000000000000e+00
0.000000000000000000e+00
0.000000000000000000e+00
0.000000000000000000e+00
0.000000000000000000e+00
0.000000000000000000e+00
0.000000000000000000e+00
