0.000000000000000000e+00
0.000000000000000000e+00
0.000000000000000000e+00
0.000000000000000000e+00
0.000000000000000000e+00
0.000000000000000000e+00
0.000000000000000000e+00
0.000000000000000000e+00
0.000000000000000000e+00
0.000000000000000000e+00
0.000000000000000000e+00
0.000000000000000000e+00
0.000000000000000000e+00
0.000000000000000000e+00
0.000000000000000000e+00
0.000000000000000000e+00
0.000000000000000000e+00
0.000000000000000000e+00
0.000000000000000000e+00
0.000000000000000000e+00
1.740600376591333875e-01
1.204953585465170646e-01
1.126289170988069993e-01
1.073240214117519575e-01
1.141621625182034083e-01
1.165971131073179901e-01
1.236357403160567581e-01
1.352507589511874053e-01
1.437749707133770538e-01
1.495557894920078179e-01
1.654880653839810867e-01
1.741771257824255015e-01
1.906948272039075132e-01
1.960532884205901660e-01
1.956080733945878558e-01
1.872048385183954222e-01
1.785315980718064910e-01
1.873776140844115867e-01
1.855909836904144350e-01
1.833593654140469598e-01
1.812565312749311042e-01
2.020930159693293815e-01
2.242141732843810353e-01
2.288343055515527358e-01
2.730827062711280173e-01
3.052988703639619716e-01
3.657828347894976351e-01
4.327651138408574183e-01
4.798867379100940633e-01
5.070540489736882206e-01
5.805094690581102945e-01
5.183708159436835050e-01
5.424297614452899818e-01
4.520759089031963218e-01
4.083754001408470558e-01
3.917034057080918119e-01
2.761167399472087003e-01
1.870834135634398543e-01
1.207836297396162328e-01
8.112332455513007745e-02
4.006065754367425791e-02
2.357872082395251825e-02
9.411853071803550491e-03
9.721839116920517887e-03
5.312558358448025812e-03
6.918780028434001923e-03
1.967255608299635708e-03
2.049203154495305313e-03
4.666201432471037960e-04
8.716059254015695427e-05
1.449454498769810647e-05
0.000000000000000000e+00
0.000000000000000000e+00
0.000000000000000000e+00
0.000000000000000000e+00
0.000000000000000000e+00
0.000000000000000000e+00
0.000000000000000000e+00
0.000000000000000000e+00
0.000000000000000000e+00
