7.549999999999999822e+00 9.999999999999964473e-02
7.650000000000000355e+00 1.000000000000005329e-01
7.750000000000000000e+00 9.999999999999964473e-02
7.849999999999999645e+00 1.000000000000005329e-01
7.950000000000000178e+00 9.999999999999964473e-02
8.050000000000000711e+00 9.999999999999964473e-02
8.149999999999998579e+00 9.999999999999964473e-02
8.250000000000000000e+00 1.000000000000014211e-01
8.350000000000001421e+00 9.999999999999964473e-02
8.449999999999999289e+00 9.999999999999964473e-02
8.550000000000000711e+00 9.999999999999964473e-02
8.649999999999998579e+00 9.999999999999964473e-02
8.750000000000000000e+00 1.000000000000014211e-01
8.850000000000001421e+00 9.999999999999964473e-02
8.949999999999999289e+00 9.999999999999964473e-02
9.050000000000000711e+00 9.999999999999964473e-02
9.149999999999998579e+00 9.999999999999964473e-02
9.250000000000000000e+00 1.000000000000014211e-01
9.350000000000001421e+00 9.999999999999964473e-02
9.449999999999999289e+00 9.999999999999964473e-02
9.550000000000000711e+00 9.999999999999964473e-02
9.649999999999998579e+00 9.999999999999964473e-02
9.750000000000000000e+00 1.000000000000014211e-01
9.850000000000001421e+00 9.999999999999964473e-02
9.949999999999999289e+00 9.999999999999964473e-02
1.005000000000000071e+01 9.999999999999964473e-02
1.014999999999999858e+01 9.999999999999964473e-02
1.025000000000000000e+01 1.000000000000014211e-01
1.035000000000000142e+01 9.999999999999964473e-02
1.044999999999999929e+01 9.999999999999964473e-02
1.055000000000000071e+01 9.999999999999964473e-02
1.064999999999999858e+01 9.999999999999964473e-02
1.075000000000000000e+01 1.000000000000014211e-01
1.085000000000000142e+01 9.999999999999964473e-02
1.094999999999999929e+01 9.999999999999964473e-02
1.105000000000000071e+01 9.999999999999964473e-02
1.114999999999999858e+01 9.999999999999964473e-02
1.125000000000000000e+01 1.000000000000014211e-01
1.135000000000000142e+01 9.999999999999964473e-02
1.144999999999999929e+01 9.999999999999964473e-02
1.155000000000000071e+01 1.000000000000014211e-01
1.165000000000000036e+01 9.999999999999786837e-02
1.175000000000000000e+01 1.000000000000014211e-01
1.185000000000000142e+01 9.999999999999964473e-02
1.194999999999999929e+01 9.999999999999964473e-02
1.205000000000000071e+01 1.000000000000014211e-01
1.215000000000000036e+01 9.999999999999786837e-02
1.225000000000000000e+01 1.000000000000014211e-01
1.235000000000000142e+01 9.999999999999964473e-02
1.244999999999999929e+01 9.999999999999964473e-02
