2.113661169444267962e+00
2.778129511864934287e+00
3.808266828130479453e+00
5.194035390503913163e+00
7.384375856904109803e+00
1.197393167247428458e+01
1.504355875717627988e+01
3.642454181976805927e+01
1.487129939183575971e+02
8.700037268636273211e+02
2.491241598391993193e+03
3.571121970231483829e+03
4.601658658851953078e+03
5.271269393860979108e+03
5.663104632318959375e+03
6.368625722671821677e+03
6.925006457862387833e+03
7.136354147448827462e+03
7.372004173269581770e+03
7.282243968646036592e+03
7.078804233492521234e+03
7.207009525874535939e+03
7.034463210132125823e+03
6.811609113884677754e+03
6.483201963594183326e+03
6.280998700794009892e+03
6.283206668781218468e+03
6.071137414222355801e+03
6.165904143593714252e+03
5.794314258506023180e+03
4.987627561542014519e+03
4.120887469798666643e+03
3.317726169868150919e+03
2.544128957935067774e+03
1.735862310774610705e+03
1.305628265280699679e+03
7.839964174922189386e+02
4.281157456194144970e+02
2.113608006644012676e+02
5.652807017543866408e+01
1.421052631578920256e+00
0.000000000000000000e+00
0.000000000000000000e+00
0.000000000000000000e+00
0.000000000000000000e+00
0.000000000000000000e+00
0.000000000000000000e+00
0.000000000000000000e+00
0.000000000000000000e+00
0.000000000000000000e+00
