0.000000000000000000e+00
0.000000000000000000e+00
0.000000000000000000e+00
0.000000000000000000e+00
0.000000000000000000e+00
0.000000000000000000e+00
0.000000000000000000e+00
0.000000000000000000e+00
0.000000000000000000e+00
0.000000000000000000e+00
0.000000000000000000e+00
0.000000000000000000e+00
0.000000000000000000e+00
0.000000000000000000e+00
0.000000000000000000e+00
0.000000000000000000e+00
0.000000000000000000e+00
0.000000000000000000e+00
0.000000000000000000e+00
0.000000000000000000e+00
1.684374923055963563e+03
1.078174039636408907e+03
1.058847393494717835e+03
1.107116633680076802e+03
1.275635019165100857e+03
1.338781442178787074e+03
1.559183625486156643e+03
1.754651637563127224e+03
1.919931703234645511e+03
2.051026590753768687e+03
2.032664807748763451e+03
2.033595066914412428e+03
2.291463086641376776e+03
2.399548599510249915e+03
2.270230215559824956e+03
2.071147274756224306e+03
1.927212669315128323e+03
2.086025548239752425e+03
2.050171478348673645e+03
2.025156659255304476e+03
2.180090394744415789e+03
2.390915143697048734e+03
2.721173264674110214e+03
2.939559759450800357e+03
3.452586779867442146e+03
3.992602022781756659e+03
4.744221904710844683e+03
5.732195251448835734e+03
6.243829319739027596e+03
6.942781416240108229e+03
7.786474940682923261e+03
8.057387233666855536e+03
8.445742077809944021e+03
8.058009438832304113e+03
7.560230458861877196e+03
7.245529677736747544e+03
5.575709553959065488e+03
4.239031397010925502e+03
2.893631246875635952e+03
1.837701809457681975e+03
1.288887184630694719e+03
8.273580116314230963e+02
4.631454756914420727e+02
3.159578619511121360e+02
1.984907359972472989e+02
1.582069023879741394e+02
8.344262716580247741e+01
4.191793046135144607e+01
2.412815174591480627e+01
2.455924959543384389e+01
9.564361953835616603e+00
0.000000000000000000e+00
0.000000000000000000e+00
0.000000000000000000e+00
0.000000000000000000e+00
0.000000000000000000e+00
0.000000000000000000e+00
0.000000000000000000e+00
0.000000000000000000e+00
0.000000000000000000e+00
