0.000000000000000000e+00
0.000000000000000000e+00
0.000000000000000000e+00
0.000000000000000000e+00
0.000000000000000000e+00
0.000000000000000000e+00
0.000000000000000000e+00
0.000000000000000000e+00
0.000000000000000000e+00
0.000000000000000000e+00
0.000000000000000000e+00
0.000000000000000000e+00
0.000000000000000000e+00
0.000000000000000000e+00
0.000000000000000000e+00
0.000000000000000000e+00
0.000000000000000000e+00
0.000000000000000000e+00
0.000000000000000000e+00
0.000000000000000000e+00
3.133670853936535491e-03
1.067513158688610615e-03
3.061719366259276886e-03
4.320863627873263238e-03
4.949344004077485364e-03
5.568491702715292271e-03
6.557264437874897080e-03
7.423988672437985790e-03
1.131591322601474027e-02
1.321137013206441675e-02
1.260561368364844850e-02
1.347539502424541756e-02
1.717154927996707159e-02
1.944016429144613742e-02
2.510493954330441854e-02
3.047526142740090635e-02
3.417271920835416449e-02
4.386133874371318103e-02
5.532600545460339414e-02
6.748068409641193310e-02
9.274086439213245769e-02
1.346777023273051377e-01
1.733433975569959873e-01
1.892649567222822737e-01
2.500252209003973047e-01
2.916212744163508286e-01
3.578794257721424343e-01
4.289004376620338954e-01
4.779778475422368222e-01
5.051681835485740679e-01
5.794625425244855910e-01
5.175690747011622017e-01
5.416598107123884454e-01
4.515753009559186348e-01
4.079310528250401080e-01
3.913305073154451086e-01
2.755638945769319781e-01
1.866192963300994934e-01
1.206749944426925014e-01
8.112332455513007745e-02
4.006065754367425791e-02
2.357872082395251825e-02
9.411853071803550491e-03
9.721839116920517887e-03
5.312558358448025812e-03
6.918780028434001923e-03
1.967255608299635708e-03
2.049203154495305313e-03
4.666201432471037960e-04
8.716059254015695427e-05
1.449454498769810647e-05
0.000000000000000000e+00
0.000000000000000000e+00
0.000000000000000000e+00
0.000000000000000000e+00
0.000000000000000000e+00
0.000000000000000000e+00
0.000000000000000000e+00
0.000000000000000000e+00
0.000000000000000000e+00
