4.907302015953086144e-07
7.722857166361102685e-07
1.899405297786063753e-06
5.322486990552466966e-06
7.664232107367102313e-06
6.181657351110207222e-05
2.238569373546606556e-03
3.746526937711111040e-03
2.778142605078670960e-02
2.190042375276976816e-01
5.856786429693220386e-01
7.434257653903874052e-01
7.356054240269147559e-01
6.722566965357854585e-01
5.931431398568975943e-01
5.405416391035072765e-01
5.066694171128232060e-01
4.717005010407137600e-01
4.366523323980241456e-01
4.043639820620314462e-01
3.914518533950721024e-01
3.779024579552568430e-01
3.698154054906948041e-01
3.554474511233623457e-01
3.302757579074485084e-01
3.017115527100233674e-01
2.821425668096470551e-01
2.656709269920244365e-01
2.483692648405248227e-01
2.271170630201929108e-01
2.024755401725237824e-01
1.759093136708189120e-01
1.482576268680217135e-01
1.201743936769023025e-01
9.293149502783200344e-02
6.778096814414472093e-02
4.579800360046558383e-02
2.855647269073498251e-02
1.590835415876351230e-02
7.050575694192684137e-03
2.037932217944074791e-03
2.801955226116067238e-04
2.910541296727277443e-05
1.328843941243971845e-05
6.566701664277607273e-07
6.566701664277633743e-07
6.566701664277581862e-07
6.566701664277607273e-07
3.442518026101650337e-06
9.916016586542324901e-08
