5.546294846284857066e-06
5.654041069992687756e-05
2.162446912416309496e-04
1.377797466377054646e-03
4.020352702721091860e-03
7.464446990004452998e-03
1.056963108833014475e-02
1.289640440844438095e-02
1.461401825178274168e-02
1.638641118926557547e-02
1.803482142877218392e-02
1.988843159626314458e-02
2.154322797826673311e-02
2.446018711020840272e-02
2.816343305573545605e-02
3.225718579546840020e-02
3.596828986410988138e-02
4.020455028162899652e-02
4.354100799200506106e-02
4.647985553549223436e-02
4.983466361231201486e-02
5.251156362927016791e-02
5.509009254895305685e-02
5.791306888231114586e-02
6.082214709804158181e-02
6.377961399025282307e-02
6.714453137213687028e-02
7.290336338952431439e-02
7.822471837696998165e-02
8.405127898942552078e-02
9.142332228723154541e-02
9.783216090758445338e-02
1.041899735331147658e-01
1.129660778193865844e-01
1.225308551544163349e-01
1.313692030226664698e-01
1.400554509033113404e-01
1.498950601429619167e-01
1.632535563313350924e-01
1.771876558009312930e-01
1.932843420809861046e-01
2.102565824702870845e-01
2.328441666263987853e-01
2.567750448664008478e-01
2.855190598068425567e-01
3.200449569861592569e-01
3.651096350830013160e-01
4.180471615518928652e-01
4.777107881038764048e-01
5.363439170191550698e-01
5.909036913728056284e-01
6.214058534481019525e-01
6.184983047040686355e-01
5.799379037921346125e-01
5.107119651791384163e-01
4.186864245295948694e-01
3.217850496994433818e-01
2.297899834327734314e-01
1.604042825511545478e-01
1.074891014542732059e-01
6.917618786935600395e-02
4.768732128028450173e-02
3.345964331817884163e-02
2.383307237345783092e-02
1.748744847597322877e-02
1.386606979840437556e-02
9.972107971528603246e-03
6.810350351860432021e-03
5.679115978436526449e-03
4.910267743453273180e-03
2.409960934512243467e-04
1.095143893786169507e-04
4.822848800104446749e-05
2.033838994957053579e-05
1.526706120153166065e-05
1.444001558244517660e-06
1.492699132048389663e-06
1.822356918475169083e-06
2.678147609696110356e-06
1.676529706096158287e-06
