3.759649314831171596e-01
5.242086051681489334e-01
8.078023578160765661e-01
1.530721674401431587e+00
2.384795063256285985e+00
3.757997913230148868e+00
9.450671340234196194e+00
2.826977729739051171e+01
1.662444176405981580e+02
2.255317284432922861e+03
7.513007329987500270e+03
1.134146470253578082e+04
1.445962150088631824e+04
1.751848636269669441e+04
2.049974429792214505e+04
2.385587380115410997e+04
2.788524552430326730e+04
3.208719452637707218e+04
3.589744684300098015e+04
4.029395252070403512e+04
4.571360722504965088e+04
5.135216564771987760e+04
5.714685433728501084e+04
6.315555102846007503e+04
6.899995851839332317e+04
7.455802945573050238e+04
7.997027648236461391e+04
8.497574335488595534e+04
8.910104044759467070e+04
9.164241861541771505e+04
9.262930651257488353e+04
9.230767914005396597e+04
8.995575037775009696e+04
8.460760571079009969e+04
7.559551206936668314e+04
6.285494729960002587e+04
4.737303171805790043e+04
3.186082049763347095e+04
1.863863797404232173e+04
8.542179595327159404e+03
2.478075829721123228e+03
3.055975270820231913e+02
9.407943144078554809e+00
1.472063569826818963e+00
4.333000842851172374e-01
4.333000842851186807e-01
4.333000842851158496e-01
4.333000842851174594e-01
1.790542693036520694e+00
1.058345301657436510e-01
