-1.494999999999999929e+01 9.999999999999964473e-02
-1.485000000000000142e+01 9.999999999999964473e-02
-1.475000000000000000e+01 1.000000000000014211e-01
-1.464999999999999858e+01 9.999999999999964473e-02
-1.455000000000000071e+01 9.999999999999964473e-02
-1.444999999999999929e+01 9.999999999999964473e-02
-1.435000000000000142e+01 9.999999999999964473e-02
-1.425000000000000000e+01 1.000000000000014211e-01
-1.414999999999999858e+01 9.999999999999964473e-02
-1.405000000000000071e+01 9.999999999999964473e-02
-1.394999999999999929e+01 9.999999999999964473e-02
-1.385000000000000142e+01 9.999999999999964473e-02
-1.375000000000000000e+01 1.000000000000014211e-01
-1.364999999999999858e+01 9.999999999999964473e-02
-1.355000000000000071e+01 9.999999999999964473e-02
-1.344999999999999929e+01 9.999999999999964473e-02
-1.335000000000000142e+01 9.999999999999964473e-02
-1.325000000000000000e+01 1.000000000000014211e-01
-1.314999999999999858e+01 9.999999999999964473e-02
-1.305000000000000071e+01 9.999999999999964473e-02
-1.294999999999999929e+01 9.999999999999964473e-02
-1.285000000000000142e+01 9.999999999999964473e-02
-1.275000000000000000e+01 1.000000000000014211e-01
-1.264999999999999858e+01 9.999999999999964473e-02
-1.255000000000000071e+01 9.999999999999964473e-02
-1.244999999999999929e+01 9.999999999999964473e-02
-1.235000000000000142e+01 9.999999999999964473e-02
-1.225000000000000000e+01 1.000000000000014211e-01
-1.214999999999999858e+01 9.999999999999964473e-02
-1.205000000000000071e+01 9.999999999999964473e-02
-1.194999999999999929e+01 9.999999999999964473e-02
-1.185000000000000142e+01 9.999999999999964473e-02
-1.175000000000000000e+01 1.000000000000014211e-01
-1.164999999999999858e+01 9.999999999999964473e-02
-1.155000000000000071e+01 9.999999999999964473e-02
-1.144999999999999929e+01 9.999999999999964473e-02
-1.135000000000000142e+01 9.999999999999964473e-02
-1.125000000000000000e+01 1.000000000000014211e-01
-1.114999999999999858e+01 9.999999999999964473e-02
-1.105000000000000071e+01 9.999999999999964473e-02
-1.094999999999999929e+01 1.000000000000014211e-01
-1.084999999999999964e+01 9.999999999999786837e-02
-1.075000000000000000e+01 1.000000000000014211e-01
-1.064999999999999858e+01 9.999999999999964473e-02
-1.055000000000000071e+01 9.999999999999964473e-02
-1.044999999999999929e+01 1.000000000000014211e-01
-1.034999999999999964e+01 9.999999999999786837e-02
-1.025000000000000000e+01 1.000000000000014211e-01
-1.014999999999999858e+01 9.999999999999964473e-02
-1.005000000000000071e+01 9.999999999999964473e-02
-9.949999999999999289e+00 1.000000000000014211e-01
-9.849999999999999645e+00 9.999999999999786837e-02
-9.750000000000000000e+00 1.000000000000014211e-01
-9.649999999999998579e+00 9.999999999999964473e-02
-9.550000000000000711e+00 9.999999999999964473e-02
-9.449999999999999289e+00 1.000000000000014211e-01
-9.349999999999999645e+00 9.999999999999786837e-02
-9.250000000000000000e+00 1.000000000000014211e-01
-9.149999999999998579e+00 9.999999999999964473e-02
-9.050000000000000711e+00 9.999999999999964473e-02
-8.949999999999999289e+00 1.000000000000014211e-01
-8.849999999999999645e+00 9.999999999999786837e-02
-8.750000000000000000e+00 1.000000000000014211e-01
-8.649999999999998579e+00 9.999999999999964473e-02
-8.550000000000000711e+00 9.999999999999964473e-02
-8.449999999999999289e+00 1.000000000000014211e-01
-8.349999999999999645e+00 9.999999999999786837e-02
-8.250000000000000000e+00 1.000000000000014211e-01
-8.149999999999998579e+00 9.999999999999964473e-02
-8.050000000000000711e+00 9.999999999999964473e-02
-7.949999999999999289e+00 1.000000000000005329e-01
-7.849999999999999645e+00 9.999999999999964473e-02
-7.750000000000000000e+00 1.000000000000005329e-01
-7.649999999999999467e+00 9.999999999999964473e-02
-7.549999999999999822e+00 9.999999999999964473e-02
-7.449999999999999289e+00 1.000000000000005329e-01
-7.349999999999999645e+00 9.999999999999964473e-02
-7.250000000000000000e+00 1.000000000000005329e-01
-7.149999999999999467e+00 9.999999999999964473e-02
-7.049999999999999822e+00 9.999999999999964473e-02
