5.217929845753181907e-06
5.562728690580963771e-05
3.570464471290474067e-04
2.359834310351263242e-03
6.092548506932698657e-03
1.012439107598389447e-02
1.333823482789528621e-02
1.563983422103994506e-02
1.731565541534513947e-02
1.897960372474464391e-02
2.052694647457397811e-02
2.226432278639068826e-02
2.395313331937266171e-02
2.716195847684653442e-02
3.132657896044841600e-02
3.577977446374091403e-02
3.979076443352858039e-02
4.411829033093874614e-02
4.752829636584877254e-02
5.046873719611398579e-02
5.369246221383702777e-02
5.629855696691965505e-02
5.880531483525460595e-02
6.154613734929285235e-02
6.444329203308687970e-02
6.750730103482864564e-02
7.108177371482457541e-02
7.684918938403924316e-02
8.228579672007189927e-02
8.816685263549202400e-02
9.535847375009186278e-02
1.016556439547878499e-01
1.078413423003453386e-01
1.158622031107109235e-01
1.243595373908257251e-01
1.321639499660687278e-01
1.399305771211772353e-01
1.489758142434687571e-01
1.614298139516090747e-01
1.748587487780781380e-01
1.906900591739634221e-01
2.076491472452220988e-01
2.300563234068048191e-01
2.541983340567683936e-01
2.837935071154868427e-01
3.194968399084230359e-01
3.654813834907110759e-01
4.195538816725450371e-01
4.797315996929669701e-01
5.382211135801112656e-01
5.904087507853811312e-01
6.175421097818341032e-01
6.109810289475424705e-01
5.691656490156050685e-01
4.975762880032542634e-01
4.055730672902214673e-01
3.102838651094466660e-01
2.207606198866273739e-01
1.535979496928148447e-01
1.029891663196952911e-01
6.652567454509727973e-02
4.575697707474084275e-02
3.204777407646799275e-02
2.266807972300032697e-02
1.649147490736588631e-02
1.292355460485133771e-02
9.239245040496786576e-03
6.263154485562906666e-03
5.128684992115464976e-03
4.375778755117029108e-03
2.791082093589610197e-04
1.337859397140152143e-04
5.994422418341131711e-05
2.640724549019552044e-05
1.711606081027844709e-05
4.185877454120071765e-06
2.313065031927666910e-06
2.158896951815490545e-06
2.629900388877965891e-06
1.690192001354569079e-06
