9.650898284924191994e-01
9.711501239730116808e+00
1.889884913060471092e+02
1.263630058649194098e+03
2.822141065608273493e+03
3.995078091230137943e+03
4.634673109295252289e+03
4.982452521861842797e+03
5.210436195638949357e+03
5.384752479414840309e+03
5.542052353843290803e+03
5.711129817300113245e+03
6.022333242464385876e+03
6.779699281085737312e+03
7.824978508692838659e+03
8.824300738255780743e+03
9.711810746954466595e+03
1.045862195092430920e+04
1.105345173866083132e+04
1.150778232215499520e+04
1.189091063146743909e+04
1.223602205497138311e+04
1.256381627775846937e+04
1.292157059737693271e+04
1.335907538967173787e+04
1.394871188905022791e+04
1.471104412013728506e+04
1.560070839509893085e+04
1.655826758288762358e+04
1.751534911627162364e+04
1.844767038119803692e+04
1.932281225659694246e+04
2.010286561536334921e+04
2.067646580362522218e+04
2.103742583196661872e+04
2.136105754579356289e+04
2.183164271999711127e+04
2.258774510275138891e+04
2.385451536837040476e+04
2.565221671120196334e+04
2.787655772812015493e+04
3.060997781566194317e+04
3.403793979619406309e+04
3.819956504457053234e+04
4.356893906955890270e+04
5.017240333037016535e+04
5.787530452031044842e+04
6.689964566399392788e+04
7.597111578016422573e+04
8.412125918572355295e+04
8.927881767855762155e+04
9.006896345937447040e+04
8.568907507209345931e+04
7.647356094835087424e+04
6.379134246315001656e+04
5.007089438527794118e+04
3.706546790498896007e+04
2.563022925725401728e+04
1.733559597252514141e+04
1.167233046084764828e+04
7.772311700163078967e+03
5.208763587758833637e+03
3.544909679884933666e+03
2.362014656048755114e+03
1.559857635770598790e+03
1.042581093775220779e+03
6.716638918348421612e+02
4.177210454379297744e+02
2.354561140926083453e+02
1.248693046567301650e+02
6.347651819777241400e+01
3.294559673397637312e+01
1.579436592155140495e+01
9.141773560178698688e+00
5.982555534704471434e+00
3.785558848607712079e+00
2.829704926756022587e+00
2.674657795753269784e+00
3.291547962713481823e+00
2.060778039486088176e+00
